14,92
14,91
14,90
14,89
14,88
0,384
0,381
0,380
0,379
14,1
16,31
16,7
16,6
16,5
16,4
14,255
14,254
14,252
14,251
14,250
14,249
14,248
14,247
14,246
14,245
14,244
14,243
14,242
14,241
14,240
14,239
14,238
14,237
14,236
14,235
14,234
14,233
14,232
14,231
14,230
14,229
14,228
14,227
14,226
14,225
14,224
14,223
14,222
14,221
14,220
14,219
14,218
14,217
14,216
14,215
14,214
14,213
14,212
14,211
14,210
14,209
14,208
14,207
14,206
14,205
14,204
14,203
14,202
14,201
14,200
14,199
14,198
14,197
14,196
14,195
14,194
14,193
14,192
14,97
14,87
14,86
14,85
14,84
14,83
14,82
14,81
14,80
14,79
14,78
14,77
14,76
14,75
14,74
14,73
14,72
14,71
14,70
14,69
14,68
14,65
14,64
14,5
14,4
14,3
14,2
14,0
2,4
1,3
0,410
0,345
0,338
0,324
0,243
0,0
0,1
0,370
0,300
0,481
0,299
0,298
0,317
0,297
0,332
0,296
0,464
0,295
0,331
0,294
0,343
0,293
0,330
0,292
0,301
0,291
0,457
0,290
0,342
0,289
0,490
0,288
0,329
0,287
0,365
0,286
0,341
0,285
0,364
0,284
0,363
0,283
0,452
0,282
0,281
0,511
0,280
0,488
0,279
0,339
0,278
0,348
0,277
0,472
0,276
0,327
0,275
0,353
0,274
5,5
6,0
6,2
6,3
6,5
7,0
7,2
7,3
7,5
8,1
8,2
8,4
8,5
9,1
9,3
9,4
10,0
10,1
10,3
10,4
11,1
11,3
11,4
12,0
12,1
12,3
12,5
12,6
12,8
13,0
13,2
13,4
14,66
14,102
14,120
14,122
14,123
14,125
14,127
14,128
14,130
14,131
14,133
14,135
14,136
14,138
14,139
14,141
14,142
14,144
14,146
14,147
14,149
14,150
14,152
14,154
14,155
14,159
14,253
15,1
15,2
15,4
15,6
15,7
16,0
16,1
16,3
16,9
16,10
16,12
16,13
16,15
16,17
16,18
16,20
16,22
16,24
16,27
16,30
16,34
16,35
16,37
16,38
16,40
17,0
17,1
17,3
19,0
19,2
19,3
20,1
20,3
21,0
21,2
21,3
24,0
24,2
24,3
25,1
25,2
25,4
25,3
25,0
24,1
21,4
21,1
20,2
20,0
19,1
17,2
16,41
16,39
16,36
16,32
16,29
16,23
16,19
16,16
16,14
16,11
16,8
16,2
15,8
15,5
15,3
15,0
14,156
14,153
14,151
14,148
14,145
14,143
14,140
14,137
14,134
14,132
14,129
14,126
14,124
14,121
14,67
13,3
13,1
12,7
12,4
12,2
11,5
11,2
11,0
10,2
9,5
9,2
9,0
8,3
8,0
7,4
7,1
6,4
6,1
5,6
5,4
5,3
5,2
5,1
5,0
4,3
2,5
2,3
2,2
2,1
2,0
0,9
0,326
0,273
0,356
0,272
0,471
0,271
0,460
0,270
0,450
0,269
0,480
0,268
0,325
0,267
0,362
0,266
0,470
0,265
0,430
0,264
0,445
0,263
0,449
0,262
0,510
0,261
0,434
0,260
0,509
0,259
0,258
0,361
0,257
0,500
0,256
0,479
0,255
0,448
0,254
0,253
0,354
0,252
0,251
0,486
0,250
0,340
0,249
0,321
0,248
0,485
0,247
0,383
0,246
0,382
0,245
0,375
0,244
0,484
0,242
0,483
0,241
0,482
0,240
0,469
0,239
0,498
0,238
0,468
0,237
0,444
0,236
0,506
0,235
0,429
0,234
0,478
0,233
0,374
0,232
0,437
0,231
0,508
0,230
0,507
0,229
0,228
0,459
0,227
0,323
0,226
0,369
0,225
0,368
0,224
0,322
0,223
0,476
0,222
0,475
0,221
0,320
0,220
0,219
0,218
0,217
0,352
0,216
0,215
0,367
0,214
0,347
0,213
0,212
0,467
0,211
0,210
0,328
0,209
0,360
0,208
0,314
0,207
0,206
0,351
0,205
0,204
0,378
0,203
0,359
0,202
0,377
0,201
0,313
0,200
0,503
0,199
0,337
0,198
0,197
0,376
0,196
0,311
0,195
0,349
0,194
0,346
0,193
0,336
0,192
0,63
0,335
0,62
0,61
0,358
0,60
0,334
0,59
0,58
0,366
0,57
0,308
0,56
0,355
0,55
0,495
0,54
0,307
0,53
0,373
0,52
0,372
0,51
0,502
0,50
0,501
0,49
0,465
0,48
0,357
0,47
0,333
0,46
0,371
0,45
0,491
0,6
0,5
0,304
0,303
0,306
0,305
0,302
0,12
0,10
0,8
0,11
0,4
0,2
0,3
0,7
